2500 3 1
PADDLE 510.00 550.00 210.00 25.00
BALL 646.03 308.26 12.00 330.00 0.143 -0.990
BRICK 0.00 100.00 80.00 40.00 1 0 red
BRICK 640.00 100.00 80.00 40.00 1 0 red
BRICK 720.00 100.00 80.00 40.00 1 0 red
BRICK 0.00 140.00 80.00 40.00 1 0 blue
BRICK 720.00 140.00 80.00 40.00 1 0 blue
BRICK 320.00 220.00 80.00 40.00 1 0 blue
BRICK 400.00 220.00 80.00 40.00 1 0 blue
BRICK 160.00 260.00 80.00 40.00 999 1
BRICK 240.00 260.00 80.00 40.00 1000 1
BRICK 320.00 260.00 80.00 40.00 1000 1
BRICK 400.00 260.00 80.00 40.00 1000 1
BRICK 480.00 260.00 80.00 40.00 998 1
BRICK 560.00 260.00 80.00 40.00 995 1
BRICK 0.00 300.00 80.00 40.00 1 0 yellow
BRICK 160.00 300.00 80.00 40.00 1 0 yellow
BRICK 320.00 300.00 80.00 40.00 1 0 red
